0.34195	26
0.326581	51
0.317056	78
0.312042	105
0.321751	135
0.331554	162
0.336675	189
0.336675	216
0.312042	243
0.312042	269
0.307397	296
0.321751	323
0.34195	349
0.317056	375
0.358771	402
0.336675	429
0.347386	456
0.34195	483
0.837981	510
1.0637	536
1.82335	562
1.07685	587
1.80378	615
1.73594	642
1.66805	669
1.58679	696
1.60204	722
1.59423	748
1.57861	774
1.55517	801
1.5006	828
1.47732	858
1.47732	885
1.46107	911
1.43439	937
1.39755	963
1.33296	990
1.25518	1017
1.19029	1044
1.05525	1070
0.933248	1097
1.36775	1123
1.22615	1149
1.30095	1176
1.41042	1203
1.46987	1232
1.45481	1259
1.52205	1286
1.51616	1313
1.53175	1340
1.57861	1367
1.57861	1394
1.61764	1421
1.63321	1447
1.68635	1473
1.67146	1500
1.72154	1527
1.80003	1554
1.8314	1581
1.88442	1607
2.13753	1633
2.0724	1660
2.03444	1689
1.81577	1716
1.81191	1743
1.77384	1770
1.65848	1796
1.67617	1822
1.61994	1848
1.58642	1875
1.5708	1902
1.56298	1928
1.5006	1956
1.5006	1982
1.48232	2008
1.44644	2034
1.38987	2061
1.3897	2088
1.3078	2115
1.26918	2141
1.26629	2167
1.11934	2192
1.24905	2218
1.33971	2247
1.42295	2274
1.40058	2301
1.42124	2327
1.51821	2353
1.44644	2379
1.48967	2406
1.56298	2432
1.53175	2459
1.53175	2486
1.62543	2511
1.63371	2538
1.6216	2565
1.68488	2592
1.63965	2619
1.71681	2646
1.73329	2673
1.9513	2699
1.88442	2725
2.02357	2752
1.84571	2779
1.92702	2805
1.78946	2832
1.80817	2858
1.53423	2884
1.68145	2911
1.59909	2938
1.5708	2965
1.60204	2992
1.55517	3018
1.55517	3044
1.51616	3069
1.49834	3096
1.44989	3123
1.42247	3150
1.36847	3177
1.36082	3203
1.27761	3229
1.24175	3255
1.19029	3282
1.23292	3309
1.28902	3340
1.37758	3367
1.4029	3394
1.43727	3421
1.47804	3448
1.51317	3475
1.49885	3502
1.5468	3529
1.5708	3555
1.53956	3582
1.62543	3608
1.61244	3635
1.60587	3662
1.66331	3689
1.69515	3715
1.73117	3742
1.82387	3768
1.76442	3794
1.86439	3821
1.87784	3848
1.82695	3875
1.90474	3901
1.739	3927
1.77679	3953
1.66146	3979
1.67791	4006
1.63013	4034
1.61463	4060
1.57899	4087
1.5544	4112
1.51395	4138
1.50637	4165
1.47022	4192
1.45481	4218
1.42247	4244
1.4077	4269
1.3704	4296
1.32121	4323
1.30095	4350
1.17774	4377
1.30243	4404
1.35213	4430
1.40565	4456
1.42191	4482
1.42264	4509
1.48765	4536
1.48934	4563
1.52321	4589
1.53662	4615
1.5708	4641
1.58746	4667
1.59558	4694
1.65098	4721
1.62126	4748
1.66831	4774
1.68867	4800
1.6879	4827
1.75823	4853
1.739	4880
1.89892	4907
1.90643	4934
1.74674	4960
1.81577	4986
1.73015	5015
1.74057	5042
1.64296	5069
1.7005	5096
1.64757	5122
1.57972	5148
1.57957	5174
1.53748	5201
1.50253	5228
1.46014	5255
1.47013	5282
1.42247	5308
1.44644	5335
1.40315	5361
1.38948	5388
1.39942	5415
1.27373	5441
1.32582	5468
1.41978	5494
1.3654	5520
1.40006	5547
1.47732	5574
1.46859	5601
1.49949	5628
1.52915	5654
1.54223	5684
1.5708	5629
1.51867	5655
1.60618	5682
1.54328	5708
1.61038	5733
1.60171	5760
1.65493	5787
1.673	5814
1.77982	5840
1.73869	5870
1.76819	5897
1.8603	5924
1.87973	5951
1.83013	5978
1.67753	6005
1.80817	6031
1.71836	6057
1.59548	6084
1.62451	6111
1.60204	6138
1.52276	6165
1.52658	6191
1.53343	6217
1.49402	6242
1.48192	6269
1.47328	6296
1.41903	6323
1.41919	6350
1.42042	6376
1.34656	6402
1.33971	6428
1.27934	6455
1.34089	6482
1.4289	6509
1.4442	6535
1.45069	6562
1.47113	6601
1.49776	6628
1.48014	6655
1.50965	6681
1.5708	6707
1.54303	6734
1.61749	6761
1.55119	6788
1.62338	6815
1.59253	6841
1.657	6867
1.68867	6894
1.72117	6921
1.71024	6948
1.79346	6975
1.80634	7002
1.8438	7028
1.77544	7054
1.82005	7080
1.78946	7107
1.64529	7134
1.69831	7161
1.62692	7188
1.6027	7215
1.5411	7242
1.60079	7269
1.48851	7296
1.51204	7321
1.47634	7348
1.47113	7375
1.43415	7402
1.4289	7429
1.41815	7455
1.38647	7482
1.39409	7509
1.28996	7535
1.3927	7562
1.42098	7589
1.4833	7616
1.47113	7642
1.47113	7668
1.5051	7694
1.50114	7720
1.52588	7747
1.53988	7774
1.5609	7801
1.5506	7827
1.59141	7853
1.58155	7879
1.59432	7905
1.657	7932
1.69515	7957
1.69326	7983
1.75823	8010
1.75512	8037
1.77175	8064
1.7976	8091
1.77175	8118
1.78767	8145
1.65258	8172
1.68622	8198
1.69023	8224
1.5827	8250
1.55981	8277
1.63387	8304
1.53855	8331
1.53	8358
1.49724	8384
1.48115	8410
1.43903	8437
1.43824	8464
1.40565	8491
1.39794	8518
1.41419	8544
1.38016	8570
1.38431	8596
1.38431	8622
1.37684	8649
1.51821	8676
1.52396	8703
1.48148	8729
1.51821	8755
1.54727	8781
1.51404	8808
1.52827	8835
1.5708	8862
1.56027	8887
1.60375	8914
1.60527	8941
1.61895	8968
1.66386	8995
1.67338	9022
1.69326	9049
1.74447	9074
1.75212	9102
1.78561	9127
1.73015	9154
1.81164	9181
1.78077	9208
1.67807	9234
1.7088	9261
1.5708	9288
1.5467	9315
1.66355	9342
1.58191	9369
1.52781	9398
1.59185	9426
1.50348	9453
1.4421	9479
1.4162	9506
1.457	9533
1.36775	9561
1.39239	9588
1.41419	9615
1.3503	9641
1.46014	9667
1.41144	9694
1.43373	9721
1.52166	9748
1.54139	9775
1.49949	9801
1.51889	9826
1.53423	9853
1.53593	9880
1.58216	9907
1.61674	9940
1.5708	9967
1.62692	9993
1.59489	10019
1.61077	10045
1.64313	10072
1.67974	10099
1.68505	10126
1.7072	10153
1.6909	10179
1.74447	10206
1.70557	10231
1.74921	10259
1.75336	10286
1.64419	10313
1.67849	10339
1.58378	10365
1.53467	10391
1.66464	10418
1.58216	10445
1.51134	10472
1.5708	10498
1.52205	10524
1.41419	10550
1.3897	10576
1.44109	10603
1.3673	10629
1.39239	10659
1.44644	10687
1.37014	10714
1.4833	10742
1.46771	10769
1.47584	10796
1.54004	10823
1.55651	10850
1.51606	10876
1.5458	10902
1.55845	10928
1.55889	10954
1.5593	10981
1.60828	11008
1.5708	11033
1.66805	11060
1.62408	11086
1.6551	11112
1.67646	11138
1.67974	11165
1.65394	11192
1.74153	11219
1.66575	11245
1.71728	11271
1.7012	11297
1.70838	11325
1.63133	11352
1.58488	11379
1.61025	11405
1.60924	11431
1.53423	11457
1.6421	11483
1.60608	11510
1.52084	11537
1.52021	11563
1.45444	11590
1.40565	11616
1.37632	11646
1.44834	11673
1.40831	11700
1.40565	11726
1.47847	11753
1.4527	11779
1.50532	11806
1.5708	11832
1.47732	11858
1.54139	11885
1.55651	11912
1.54414	11938
1.5458	11964
1.59548	11990
1.60875	12016
1.58284	12043
1.64958	12070
1.54483	12097
1.62707	12123
1.64419	12150
1.66011	12175
1.66575	12202
1.68322	12229
1.65679	12256
1.70557	12282
1.66727	12308
1.7012	12334
1.60253	12361
1.62955	12388
1.65753	12415
1.5708	12442
1.69023	12468
1.64757	12494
1.55798	12520
1.59611	12545
1.50838	12573
1.47648	12600
1.44109	12627
1.48989	12654
1.42478	12680
1.43109	12706
1.45837	12732
1.35743	12758
1.40565	12785
1.4848	12812
1.4289	12838
1.4916	12865
1.44834	12891
1.52605	12917
1.54223	12944
1.55691	12971
1.58431	12999
1.5708	13024
1.5708	13050
1.55814	13076
1.58345	13103
1.61244	13129
1.58488	13156
1.6421	13183
1.58572	13209
1.61838	13235
1.65127	13268
1.63628	13294
