1456	-64	19
1568	-80	39
1728	16	60
1776	16	81
1744	80	99
1792	128	117
1728	160	136
1648	208	157
1440	240	179
1328	240	200
1200	224	221
1120	256	241
960	272	263
816	272	284
848	256	305
816	272	323
848	256	344
912	256	365
992	240	386
1088	208	407
1312	208	428
1440	192	449
1536	160	470
1696	112	489
1728	80	508
1728	64	526
1728	16	544
1696	-48	565
1616	-16	586
1440	-96	608
1312	-128	629
1184	-144	647
1104	-176	666
960	-192	685
912	-192	703
848	-192	723
848	-224	744
864	-192	766
976	-176	787
1040	-144	809
1152	-128	830
1264	-144	851
1456	-64	872
1552	-16	892
1632	-16	911
1712	48	929
1712	96	948
1648	112	968
1616	144	989
1552	224	1011
1472	208	1032
1248	256	1052
1136	224	1070
1056	240	1089
976	256	1107
896	256	1125
864	272	1146
832	288	1167
864	256	1189
912	256	1210
1040	240	1231
1152	224	1251
1248	208	1271
1360	192	1292
1536	144	1313
1600	96	1333
1664	112	1352
1664	48	1373
1600	32	1394
1584	-48	1415
1504	-48	1434
1456	-80	1456
1248	-112	1478
1120	-160	1501
1040	-128	1520
992	-192	1538
880	-176	1559
880	-224	1581
912	-160	1602
912	-192	1624
1024	-144	1645
1104	-128	1666
1200	-144	1687
1296	-64	1706
1488	-48	1725
1536	0	1744
1600	0	1762
1648	80	1783
1600	80	1804
1552	144	1825
1536	176	1846
1440	208	1867
1376	240	1888
1152	256	1909
1056	224	1929
1024	240	1949
912	240	1967
880	256	1986
848	256	2004
880	256	2024
912	256	2046
960	224	2067
1120	240	2087
1216	192	2107
1280	192	2126
1392	160	2145
1472	144	2167
1600	64	2188
1600	48	2209
1600	32	2230
1568	-64	2251
1456	0	2272
1408	-96	2292
1312	-96	2312
1152	-160	2333
1072	-112	2354
1008	-176	2372
976	-160	2392
912	-240	2415
912	-128	2437
976	-192	2458
976	-112	2479
1088	-144	2499
1184	-64	2518
1264	-112	2539
1376	-48	2560
1424	-16	2578
1536	0	2600
1584	64	2621
1552	64	2642
1552	112	2663
1488	176	2684
1424	176	2705
1360	224	2726
1248	240	2747
1056	240	2766
1024	208	2785
960	224	2806
928	256	2827
848	272	2847
912	240	2869
944	224	2889
976	208	2911
1104	176	2932
1200	224	2953
1280	160	2973
1344	176	2993
1488	112	3016
1552	96	3039
1536	32	3060
1520	16	3081
1488	-32	3100
1440	-16	3122
1296	-80	3143
1232	-112	3163
1104	-144	3183
1072	-112	3200
1008	-144	3221
928	-160	3239
944	-176	3258
928	-144	3279
928	-160	3300
1040	-128	3320
1104	-144	3340
1168	-48	3360
1248	-112	3380
1376	48	3401
1440	-48	3420
1472	0	3441
1520	64	3462
1520	64	3484
1472	96	3505
1440	208	3525
1376	144	3546
1216	224	3567
1136	224	3588
1072	224	3606
1024	224	3624
960	224	3643
944	256	3664
912	240	3685
912	224	3706
960	176	3727
1040	208	3747
1104	160	3768
1168	224	3789
1264	144	3810
1392	112	3828
1456	112	3850
1456	96	3871
1472	0	3890
1424	80	3908
1488	-32	3929
1392	-16	3950
1328	-80	3971
1248	-96	3992
1184	-128	4013
1072	-112	4033
1008	-128	4052
992	-160	4074
944	-112	4096
960	-144	4117
960	-96	4138
1008	-160	4158
1040	-80	4180
1168	-64	4200
1232	-64	4218
1312	-80	4239
1344	16	4260
1456	16	4282
1472	64	4303
1472	96	4323
1440	112	4344
1360	224	4365
1296	128	4386
1248	240	4405
1184	208	4424
1040	224	4442
992	208	4460
976	224	4480
944	224	4498
928	208	4524
944	240	4545
960	192	4566
1008	192	4586
1056	144	4606
1184	192	4626
1248	144	4644
1312	144	4665
1360	144	4684
1408	96	4703
1408	16	4723
1392	48	4744
1440	0	4764
1408	-16	4784
1280	-80	4804
1200	-80	4824
1152	-96	4843
1072	-112	4861
1072	-112	4880
992	-144	4902
976	-128	4923
960	-160	4943
976	-144	4963
1008	-128	4981
1072	-112	5000
1120	-112	5019
1184	-48	5037
1248	-96	5059
1344	0	5080
1360	0	5101
1408	32	5122
1424	64	5142
1392	80	5163
1376	112	5184
1328	208	5205
1264	144	5226
1152	208	5246
1104	192	5267
1024	208	5286
1008	192	5307
976	224	5329
944	192	5350
912	272	5370
960	192	5392
1024	160	5413
1072	176	5434
1120	160	5454
1184	144	5472
1296	112	5493
1344	128	5515
1376	64	5536
1392	48	5480
1376	32	5500
1376	32	5520
1328	-32	5541
1280	-16	5562
1248	-96	5583
1200	-64	5603
1072	-112	5622
1072	-96	5644
1024	-96	5665
992	-128	5687
976	-144	5706
1024	-128	5728
1008	-112	5750
1040	-128	5777
1120	-64	5798
1184	-64	5818
1232	-80	5836
1280	0	5857
1344	0	5878
1360	32	5899
1392	64	5920
1344	96	5941
1280	64	5963
1280	240	5983
1232	112	6003
1200	240	6023
1088	192	6043
1008	208	6062
992	176	6083
960	192	6103
976	208	6126
960	160	6147
976	208	6168
1008	160	6188
1104	160	6208
1152	160	6229
1200	128	6250
1248	128	6268
1312	80	6289
1344	80	6310
1360	16	6331
1360	48	6351
1248	-16	6372
1312	-32	6393
1248	-16	6414
1216	-80	6435
1104	-96	6454
1056	-128	6473
1008	-80	6494
992	-160	6515
1008	-128	6536
992	-96	6555
992	-128	6576
1056	-80	6599
1104	-80	6620
1152	-48	6641
1184	-64	6662
1232	0	6683
1296	16	6703
1328	0	6725
1328	32	6744
1312	96	6764
1312	80	6785
1232	80	6806
1248	208	6827
1136	208	6848
1088	224	6868
1072	160	6888
1024	240	6908
976	192	6926
976	192	6945
976	192	6964
992	176	6984
1024	160	7005
1088	160	7027
1120	144	7047
1168	128	7067
1216	144	7086
1232	96	7105
1296	96	7123
1328	48	7142
1344	16	7163
1312	48	7184
1280	-16	7205
1216	-16	7226
1184	-112	7246
1136	-32	7267
1120	-80	7287
1056	-96	7308
1024	-112	7326
976	-112	7347
992	-112	7366
1024	-80	7384
1056	-96	7404
1072	-96	7425
1088	-64	7446
1136	-80	7468
1200	-16	7488
1232	-32	7507
1264	16	7526
1280	16	7544
1296	48	7562
1312	96	7583
1264	128	7604
1248	96	7626
1184	112	7647
1136	160	7665
1088	192	7684
1072	208	7704
1056	176	7724
1008	224	7742
992	176	7763
992	176	7785
992	192	7806
1040	176	7827
1088	160	7846
1120	160	7868
1152	128	7889
1184	128	7909
1248	80	7928
1264	80	7947
1280	48	7965
1296	32	7984
1296	32	8005
1280	0	8026
1216	-32	8048
1136	-32	8069
1184	-80	8090
1104	-96	8110
1072	-80	8130
1040	-112	8148
1024	-112	8166
992	-96	8185
1024	-112	8208
1040	-96	8228
1072	-80	8250
1072	-64	8270
1152	-32	8290
1200	-32	8311
1216	-32	8332
1232	16	8350
1248	16	8368
1264	48	8387
1264	64	8409
1280	96	8430
1216	96	8451
1216	144	8471
1136	112	8491
1088	192	8510
1056	176	8529
1040	176	8551
1008	176	8572
992	208	8593
976	176	8614
992	176	8634
1040	144	8657
1088	192	8677
1104	112	8698
1168	144	8719
1200	96	8740
1232	96	8761
1248	80	8779
1248	32	8801
1264	32	8822
1248	0	8843
1248	0	8861
1200	0	8880
1184	-48	8899
1136	-64	8921
1104	-64	8942
1088	-96	8965
1024	-96	8983
1024	-112	9001
1008	-80	9022
1008	-112	9043
1040	-64	9064
1088	-48	9085
1120	-64	9106
1152	-48	9127
1200	0	9145
1232	0	9164
1232	16	9182
1248	32	9199
1248	64	9220
1248	64	9241
1232	96	9262
1184	128	9283
1168	128	9305
1136	144	9325
1088	144	9345
1056	224	9363
1024	160	9382
1008	208	9401
1008	176	9419
992	160	9441
1024	144	9462
1040	160	9484
1072	144	9505
1136	128	9525
1152	80	9546
1184	112	9565
1200	96	9584
1232	64	9603
1264	32	9621
1248	0	9642
1232	32	9663
1232	0	9684
1168	-32	9705
1136	-48	9726
1136	-64	9747
1088	-48	9768
1056	-112	9789
1040	-32	9810
1024	-128	9830
1024	-80	9849
1024	-80	9870
1072	-80	9891
1072	-32	9913
1120	-64	9934
1168	-16	9954
1184	-32	9976
1200	-16	9997
1216	32	10017
1232	32	10037
1232	64	10054
1200	64	10075
1216	96	10096
1168	128	10118
