1200	16	20
1328	-208	40
1472	-96	61
1552	16	82
1600	16	100
1680	16	118
1696	112	136
1728	16	157
1712	96	179
1664	176	197
1616	96	215
1552	192	236
1456	208	257
1296	208	278
1232	160	299
1104	240	320
1008	256	341
880	224	361
848	288	381
832	208	400
816	224	421
832	192	442
864	192	463
928	256	484
976	224	503
1136	256	522
1232	176	542
1312	160	563
1392	192	584
1504	128	605
1632	112	626
1632	96	645
1680	96	664
1728	32	683
1712	64	700
1664	16	718
1552	0	739
1488	-32	760
1424	-96	779
1328	-32	800
1248	-112	820
1072	-96	843
1008	-144	865
944	-96	885
880	-112	905
848	-160	925
832	-144	946
848	-128	967
944	-80	985
992	-144	1007
1056	-80	1028
1136	-112	1050
1296	-48	1071
1392	-48	1091
1456	0	1111
1536	-32	1132
1616	16	1153
1680	80	1172
1664	80	1191
1664	96	1212
1632	112	1234
1552	160	1255
1488	144	1276
1408	192	1295
1232	160	1318
1152	208	1339
1072	192	1360
1008	224	1381
896	192	1402
848	256	1422
848	192	1440
832	240	1461
864	208	1482
912	224	1503
960	192	1525
1024	224	1546
1168	192	1567
1248	144	1587
1328	208	1607
1408	144	1628
1536	160	1648
1584	80	1667
1632	112	1689
1632	48	1710
1632	16	1731
1600	0	1753
1552	16	1772
1488	-48	1794
1360	-80	1814
1280	-80	1835
1184	-96	1853
1120	-112	1871
1040	-96	1890
944	-112	1911
896	-144	1930
864	-128	1953
864	-144	1974
896	-112	1994
928	-144	2015
960	-112	2036
1040	-112	2057
1152	-80	2078
1248	-48	2096
1328	-48	2118
1392	-32	2139
1536	0	2160
1568	32	2181
1600	32	2202
1616	96	2223
1616	112	2244
1568	144	2267
1536	96	2286
1472	144	2306
1328	192	2325
1264	192	2344
1184	176	2362
1104	240	2383
1040	160	2404
928	192	2425
880	224	2444
848	224	2463
848	208	2481
848	240	2501
912	208	2520
944	224	2541
992	176	2562
1056	208	2583
1200	192	2605
1296	160	2626
1360	160	2646
1424	144	2666
1536	112	2687
1568	80	2706
1584	80	2725
1600	48	2746
1568	16	2767
1520	0	2788
1472	-16	2809
1424	-48	2828
1280	-64	2849
1200	-80	2867
1136	-96	2886
1072	-112	2904
1008	-112	2922
960	-128	2941
928	-128	2961
880	-128	2984
880	-128	3005
896	-128	3025
960	-96	3046
1008	-112	3073
1072	-96	3094
1136	-80	3112
1200	-64	3134
1344	-48	3153
1408	-16	3171
1472	0	3192
1520	16	3213
1568	48	3234
1584	80	3255
1568	96	3276
1536	128	3296
1504	144	3315
1392	160	3336
1328	160	3357
1264	192	3378
1120	192	3399
1056	192	3419
1008	208	3441
944	208	3462
880	224	3483
864	224	3503
864	208	3523
880	208	3541
912	192	3563
1008	192	3584
1056	192	3606
1104	176	3627
1248	144	3645
1312	176	3663
1392	128	3682
1440	128	3702
1504	112	3720
1520	96	3741
1568	48	3764
1552	48	3784
1536	16	3805
1456	-16	3826
1408	-32	3847
1344	-48	3867
1264	-64	3887
1136	-96	3907
1072	-96	3925
1024	-112	3944
976	-112	3963
944	-128	3983
912	-112	4005
896	-128	4026
912	-112	4046
912	-112	4066
1024	-112	4085
1072	-80	4104
1136	-80	4122
1184	-48	4141
1264	-64	4162
1328	-32	4183
1440	0	4204
1472	32	4225
1504	32	4242
1536	64	4261
1536	96	4280
1504	112	4301
1488	112	4319
1440	144	4341
1376	144	4362
1248	160	4384
1184	176	4405
1120	192	4426
1056	208	4447
960	192	4468
928	208	4489
896	192	4513
880	208	4534
896	192	4555
928	208	4576
944	192	4597
1056	192	4619
1104	176	4640
1168	176	4661
1296	144	4682
1360	128	4703
1408	128	4722
1456	112	4741
1504	96	4762
1520	48	4783
1520	32	4804
1504	16	4825
1424	0	4844
1376	-16	4867
1328	-48	4888
1264	-64	4908
1152	-80	4928
1088	-96	4948
1024	-96	4968
992	-112	4987
960	-112	5008
912	-112	5029
912	-112	5049
912	-112	5071
976	-112	5091
1024	-80	5111
1088	-80	5131
1120	-80	5152
1248	-48	5173
1312	-32	5191
1360	0	5210
1408	0	5229
1440	16	5248
1504	64	5269
1504	80	5290
1488	96	5311
1472	112	5331
1408	128	5350
1360	144	5369
1312	160	5388
1232	160	5406
1184	176	5427
1120	176	5449
1008	192	5470
976	192	5492
944	192	5513
896	192	5534
896	208	5489
896	192	5510
928	192	5531
1008	176	5549
1040	192	5568
1104	176	5587
1168	160	5606
1232	144	5628
1280	128	5649
1392	128	5669
1424	112	5690
1456	96	5708
1488	80	5727
1472	48	5746
1456	16	5764
1440	0	5785
1392	0	5806
1360	-32	5825
1248	-64	5847
1200	-64	5868
1136	-80	5889
1088	-96	5910
992	-96	5931
960	-112	5953
944	-112	5971
928	-112	5991
944	-96	6009
960	-96	6031
992	-96	6053
1024	-80	6073
1120	-64	6092
1168	-48	6115
1232	-48	6135
1344	-16	6155
1376	16	6175
1424	16	6195
1456	48	6214
1456	64	6235
1456	96	6256
1456	112	6277
1408	128	6299
1328	144	6319
1280	160	6339
1216	160	6360
1168	176	6381
1056	176	6399
1008	192	6417
976	192	6436
928	192	6457
912	192	6478
912	192	6497
928	176	6515
960	176	6535
976	176	6553
1008	176	6572
1056	176	6591
1104	160	6609
1216	144	6631
1264	144	6652
1328	128	6671
1360	112	6694
1440	80	6715
1440	64	6736
1456	48	6757
1440	32	6778
1392	0	6799
1360	0	6820
1328	-16	6840
1280	-48	6858
1168	-64	6879
1120	-80	6900
1072	-80	6920
1024	-80	6941
960	-96	6962
944	-96	6983
944	-112	7003
944	-96	7021
976	-96	7039
992	-96	7057
1040	-80	7078
1088	-80	7099
1120	-64	7120
1232	-48	7141
1280	-16	7162
1328	0	7180
1360	16	7199
1392	16	7218
1440	64	7238
1440	80	7256
1424	96	7277
1408	96	7298
1344	128	7319
1296	144	7337
1248	144	7355
1200	160	7375
1152	160	7396
1040	176	7417
1008	176	7438
976	176	7456
944	192	7477
928	192	7498
928	192	7518
944	176	7539
960	192	7560
1024	176	7581
1072	160	7599
1120	160	7618
1168	160	7637
1216	128	7655
1264	144	7676
1344	112	7697
1376	96	7718
1408	80	7739
1424	32	7760
1408	32	7780
1392	16	7801
1360	0	7822
1296	-32	7841
1248	-32	7860
1200	-48	7879
1152	-64	7897
1104	-64	7916
1056	-80	7937
992	-96	7958
976	-96	7979
960	-96	8000
960	-96	8018
976	-96	8037
976	-80	8056
1008	-80	8076
1056	-80	8094
1104	-64	8116
1184	-48	8137
1232	-32	8158
1280	-16	8179
1344	16	8200
1376	32	8221
1392	48	8241
1408	64	8261
1392	96	8280
1376	112	8299
1344	128	8317
1312	128	8336
1264	128	8358
1216	144	8379
1120	160	8401
1088	160	8421
1056	160	8447
1008	176	8467
944	192	8488
944	192	8506
928	176	8524
928	192	8543
944	176	8564
1008	176	8585
1040	160	8606
1088	160	8627
1136	144	8647
1216	128	8668
1264	144	8686
1328	112	8706
1344	96	8725
1376	64	8749
1392	64	8770
1392	32	8791
1376	32	8813
1344	0	8832
1312	-16	8854
1264	-32	8875
1216	-64	8896
1120	-64	8917
1088	-80	8939
1056	-64	8958
1008	-80	8979
976	-96	8999
960	-96	9021
960	-96	9042
960	-80	9063
1008	-80	9081
1040	-64	9101
1072	-80	9119
1104	-64	9139
1152	-32	9158
1248	-16	9180
1280	-16	9201
1312	0	9223
1344	16	9244
1376	48	9265
1392	64	9286
1376	80	9307
1360	112	9328
1312	112	9347
1280	128	9366
1232	144	9387
1184	144	9408
1104	160	9429
1056	160	9450
1024	176	9470
992	176	9492
960	176	9512
944	176	9532
944	192	9552
960	176	9572
992	176	9591
1024	160	9612
1056	160	9633
1104	160	9654
1184	128	9675
1232	128	9697
1264	128	9716
1328	112	9736
1360	64	9754
1376	80	9775
1376	48	9796
1376	32	9817
1328	0	9836
1312	0	9859
1264	-16	9879
1184	-48	9899
1152	-48	9919
1104	-64	9940
1072	-80	9958
1024	-64	9979
976	-80	10000
976	-80	10021
976	-80	10042
976	-80	10062
992	-80	10082
1024	-80	10103
